2224	7492
2375	7516
2540	7600
1854	7723
3547	9336
137	7670
3961	8491
1696	9336
2708	8491
1076	7727
3425	10291
2685	9508
4136	9988
2183	8168
3367	7516
4316	8484
1438	8702
1771	7572
709	7505
1289	8506
1163	7485
1602	7981
183	7487
2539	7673
338	7505
3939	9935
2416	10598
3680	7545
1226	7807
265	8058
934	9297
3792	8219
1356	9167
1646	7545
75	7877
3446	9937
1897	7545
1162	8701
1763	9988
1462	7514
732	10013
1226	7804
2121	7651
1855	8216
2152	9065
2026	7579
3446	9935
352	9336
3374	7771
210	9400
3547	9336
738	8074
1897	8286
396	7873
2002	8390
2445	7850
1138	9491
1449	7799
2466	10077
4121	8166
1763	9987
1076	7545
396	7875
871	7545
403	8491
426	7796
2906	8506
1438	8702
1558	7721
2014	10412
487	9986
2955	8491
2864	8945
380	8702
158	7488
1849	7512
3909	8010
3446	9935
964	8682
34	7889
1872	10118
2685	10444
2053	9713
784	7569
3405	7727
958	7567
1281	7492
1033	7889
3588	10064
3588	10065
4136	9988
555	7653
1468	7982
3350	10307
793	7550
2024	8507
1289	8666
383	9986
1851	7929
2676	8945
2060	7487
2817	7505
3764	8506
2080	7718
303	8490
740	9927
2736	9712
2564	8506
3374	7769
1706	8609
570	9510
941	9335
416	7489
2736	10412
146	8029
552	8666
1645	7545
2359	7509
188	7623
3706	8795
1585	8599
48	7627
1932	8506
494	7718
2080	8491
549	7889
3350	9641
90	7701
2107	8506
3350	10309
14	7523
1932	9935
2726	8484
3961	8810
180	8702
451	8506
1398	7527
3283	8093
396	7873
1252	7734
1619	9616
2274	7673
181	8507
2053	10477
158	7487
3338	7654
510	7517
672	9910
1872	10115
202	8736
1634	7487
1869	7663
3446	9937
3807	8298
1416	7670
2916	9164
2107	8665
1696	9334
303	8491
1252	7733
1449	7796
2197	9517
4272	9233
3752	7804
981	7786
101	7517
3911	8167
3425	9334
1159	7505
1696	9336
2706	10292
3579	10622
1514	9714
3858	9162
793	10550
338	7967
1654	8097
1876	10307
2567	8345
1855	7663
2904	7840
3674	8682
2014	10444
1456	7516
3215	7889
1252	7735
1619	9619
529	10527
1550	7505
3845	8166
2223	10623
242	8666
646	9517
384	7516
1821	10477
3768	8852
1020	7770
3457	7512
1932	8506
1696	10095
340	8857
641	8166
4242	9986
900	7669
4316	8484
2649	9639
2359	7512
980	10444
3676	11077
3065	7509
570	10412
954	7579
2240	7796
1580	10062
1858	7641
2817	7507
2938	7663
1641	10115
3961	8810
2416	11099
981	7492
871	7545
4246	9769
3625	7520
2649	9642
3768	8666
3446	9936
2726	8484
1046	7488
352	9336
2376	8433
646	10592
570	10094
2124	7695
955	7718
1045	7529
1836	10772
3522	7487
4200	10885
549	7518
1915	10027
3329	7873
1518	9287
1679	7600
873	11058
4072	7682
3386	8509
2817	7550
3768	8509
914	7651
2248	10412
3939	9936
1376	7742
1292	9642
1416	7669
3387	9518
664	8099
934	8519
3879	7703
941	9335
328	7487
1468	7653
2351	7492
437	10592
3547	10095
3425	9334
240	7518
1194	9403
2736	9712
2107	8506
2843	9464
3858	9165
3405	7727
2362	8433
4252	7773
2676	8945
8	7512
1482	7837
3048	7505
224	7545
3446	9935
3017	8599
428	7509
941	9510
3065	7512
971	7807
664	9794
3013	9589
3048	7508
352	10095
663	11127
1287	9077
3547	10095
4121	9078
646	9519
2685	9713
1371	10711
3267	9589
2385	8852
3338	9936
3283	8099
4242	10534
1448	8358
3322	7579
4121	9078
4100	10095
1782	8917
1166	7889
1315	8666
1692	7836
3247	8541
4217	9517
664	8702
9	8852
1416	7668
2014	10412
981	7489
2280	9335
539	8490
246	7509
100	7796
231	8066
871	8904
15	7576
2294	7663
4121	9079
1468	8345
3547	10292
3547	10291
2348	7807
2081	7568
3386	8506
4136	10534
2567	9519
531	7512
3622	9639
1210	10235
1058	7545
345	7487
1388	7573
95	7889
1093	9937
1763	10534
2980	7854
1093	10173
2825	7517
264	8216
727	8782
709	7686
153	8094
3117	8506
700	7488
48	8666
531	8010
4121	9077
2817	7506
4170	7653
1020	8313
2375	7514
1402	8313
4316	8485
3901	8059
1634	7488
2080	8810
1415	7840
1033	7518
2914	7518
1600	7600
2916	9162
1880	7574
435	10248
4340	7505
784	7632
3482	8029
684	8509
4201	7509
1180	9660
4019	7511
2914	7520
689	7723
1992	7485
478	8167
436	9079
194	7661
2053	9712
471	7505
1033	7517
2230	8798
613	8703
568	7523
1262	7933
81	7489
1468	7981
1026	7506
3366	7951
1566	7726
3953	10073
2230	8797
598	9935
1696	9334
1982	7523
8	7511
3588	9910
4167	7639
799	7516
3522	7485
1771	7685
695	8663
303	8491
3961	8491
553	7646
871	7545
1418	7649
4121	8168
2365	9642
2668	10956
2940	11127
32	10927
7	8307
648	7721
4242	9988
1267	8109
3425	9336
3527	7509
1279	7632
3350	9641
1232	8315
2080	8491
3752	7807
3013	8784
1194	9400
3961	8490
494	8491
1982	7524
4121	9077
195	7718
1864	9403
192	7627
312	7517
2416	10598
42	7517
3446	9936
1696	10095
1000	9491
4237	7910
3568	7701
437	9517
479	7623
2280	10174
1258	7485
1845	8702
1289	8666
494	8810
3547	10292
352	10095
663	11129
2827	8491
3425	10412
664	9791
741	10065
68	9067
2649	10703
1587	8239
4203	7672
3446	10173
2223	10625
613	8702
191	8484
1514	9712
95	7517
139	7540
3163	7527
3547	10095
553	7579
980	10292
570	9335
1468	7651
1580	10063
2215	8056
100	7514
1876	9641
2101	10292
3961	8491
2249	7576
941	7602
1071	9236
3446	10173
529	10526
180	8094
4100	10291
980	10095
4316	9428
3815	9769
2014	9712
3338	7654
48	8506
2500	8381
934	7745
3547	10292
4316	8483
1446	7653
2241	7727
1872	10117
448	7889
505	7499
8	7509
3044	7487
2828	7663
2014	10412
176	7689
307	7511
1566	7627
900	7670
4027	7545
731	7685
2592	10926
3026	8417
1980	7485
2280	9510
3961	7718
3050	7583
1247	7663
3845	9400
3338	9935
3547	9336
668	7673
709	7508
1744	8710
1897	7545
546	8039
941	9335
830	7523
1696	9334
2540	7602
1763	9986
2706	9336
445	8724
1033	7517
4100	10292
352	10095
2034	7539
3117	8666
3387	9517
549	7520
3374	7772
672	10062
823	10166
360	7605
3621	9336
3350	9642
3621	9335
3789	8681
3029	7517
934	7723
3065	9771
4194	8945
1194	9403
352	9336
3587	7517
3044	7488
3961	8491
880	7489
1281	7889
1289	8507
1462	7513
2365	9641
184	7681
1980	7488
8	9759
180	8094
1897	7727
2152	9067
75	7781
383	9987
32	10928
1480	7486
1403	8405
273	8491
1872	10115
714	7871
3588	10062
1258	7488
3331	9067
9	8506
1751	9728
3911	8166
2986	9589
1864	9401
2183	8167
327	7985
2107	8509
328	7488
4136	9986
1977	8852
3441	10593
100	7516
339	7514
3215	7518
4215	7874
4246	9772
3768	8666
172	7550
3547	9336
1438	8701
1931	7733
3425	9336
1438	8094
2726	8599
3491	8357
2080	7718
405	8795
2649	9639
722	8097
934	7723
1199	8334
1537	7769
3768	8666
3547	10292
345	7485
353	10013
2455	7660
1751	7837
1514	10444
2955	8491
1849	7518
2514	8784
2060	7488
935	7630
1669	7545
1189	8681
1932	8509
488	7981
3617	7982
2107	8666
1849	7517
1267	8109
75	7877
1872	10115
3762	7670
1118	8385
3425	10095
1267	8109
284	10309
423	7663
1124	8586
2186	9517
62	7574
3953	8483
405	8266
3704	7509
1931	7781
1292	9641
1438	8703
2227	8506
646	9518
980	10095
1451	9463
744	7573
3333	7523
702	8782
737	8887
570	10477
75	7781
3527	7512
2649	9642
2514	9588
421	8483
823	9517
980	10483
3454	7865
1932	9935
1127	8167
3888	9502
3387	9517
4019	7509
1025	7492
2386	8219
3717	7939
4109	7623
284	10308
4201	7511
1551	8151
1461	9986
2544	7514
2706	9334
1667	10235
709	7505
2546	7487
4140	7693
1021	8033
510	7485
48	8506
823	10167
1992	7487
1595	8507
3387	10593
3117	8507
2014	9712
823	9982
1537	7770
939	7527
1696	10095
1514	9712
3888	9500
3845	9077
3457	7511
3888	9502
2093	7744
3706	8266
2362	8431
208	7643
3386	8666
771	8491
312	7518
980	9334
428	7512
1427	9617
3098	9741
1696	9336
421	8483
1696	9336
1642	8005
2060	7485
823	10593
2362	8433
4254	8260
224	7545
1007	7507
700	7485
2544	7516
664	8097
737	7573
3911	9077
195	8490
1600	7602
1617	7651
3605	11114
2248	9714
2282	7487
1340	9077
1980	7686
2488	9400
3367	7514
3065	9772
3157	7685
980	9336
552	8784
2582	7642
616	8666
3058	7529
383	9988
2514	8782
1518	10122
3117	8507
3911	7865
1413	7486
1033	7517
1514	10412
3725	10095
2728	7568
224	7542
20	9026
3017	8483
1270	7487
2014	9714
4048	10306
3050	7584
317	7685
1932	8665
224	7545
3010	7487
3775	7517
3333	7525
4316	9428
552	8783
3113	7518
1763	9987
873	10166
224	7727
1872	10115
793	10549
1210	8040
2274	7672
3888	9502
1881	7651
646	9517
4173	8966
48	8852
1287	8173
2529	9499
725	7516
1845	9265
475	7511
803	9754
549	8212
1162	9181
2026	7758
3617	7982
1427	9619
1514	10412
1099	8506
1876	8556
2068	7557
987	7726
195	8491
2053	10412
4339	7591
255	7576
1467	7487
1099	10307
531	7509
3567	7639
3869	8390
1203	10235
2986	9588
1150	8367
1696	10094
1671	7488
2488	9402
3405	7727
3080	9616
1696	10095
526	10122
552	8782
613	9265
1691	9898
1696	10291
56	7517
2835	7799
3162	9164
940	7544
1104	8544
1289	8507
999	7576
2343	7545
1046	7485
1696	9336
1312	8167
160	7718
1879	7485
2938	8167
570	9712
910	8509
3006	7489
4280	9639
709	10309
2099	10074
1514	9712
2145	9712
2952	9247
2668	10165
695	8662
1750	10592
1642	9570
517	7902
1442	10606
755	7980
2685	10412
711	7509
3845	8167
1602	7982
980	9336
1226	7804
1248	7718
570	10444
852	7637
1362	8736
278	7520
570	9508
4265	8175
941	10174
1754	8030
280	10927
1226	8263
3995	8094
101	7517
1932	8506
934	9296
2809	7545
2506	7682
906	7980
546	8040
917	8336
437	9518
396	7875
1782	7595
3599	10405
2708	8297
1042	8525
16	8017
3660	11060
3192	9982
3921	7509
58	7586
954	7507
1879	7487
4121	8166
4372	8159
499	8506
3425	10291
4203	7673
646	10593
1438	8094
4100	10095
7	7663
48	8509
1696	10095
177	7877
1128	8313
3010	7485
570	10444
176	7797
1846	7936
2835	7796
4121	9077
1602	7980
1530	8097
4272	9509
934	7723
2649	9641
2567	7982
3621	9334
1281	7520
2180	9754
2158	7873
1633	9556
3366	8736
646	9771
1696	10292
1514	10412
823	9983
1037	9236
3547	10292
4254	8262
1254	9463
2248	9712
2779	7492
183	7485
2721	7749
2081	7745
2835	7797
564	7747
709	7507
352	10095
2668	10955
3425	10095
4141	7524
38	7574
4170	7651
90	7850
2248	9712
2466	9502
2417	8773
4121	9077
3845	10061
4242	9988
380	8701
494	8491
3768	8507
328	7485
4246	9771
2685	9712
1438	8093
1551	7840
1864	9402
1595	8507
3283	8094
686	7517
1159	7507
451	8666
3588	10065
864	7507
673	7545
2685	9714
1585	9428
1872	10115
180	8093
1283	9617
3676	11076
1932	8666
2726	8483
2003	9769
2107	8506
561	8313
2685	10412
570	10095
3585	9642
2190	8385
2248	10412
3010	7488
2080	7718
2202	8506
240	7517
570	10483
1642	8003
3517	10073
1932	8666
1750	10593
552	8506
2546	7485
980	10095
990	7646
1602	8345
4136	9987
303	7718
3846	7573
664	8094
3512	10389
1451	9464
2672	9334
1289	8506
1226	7804
3547	9336
718	7520
2280	9510
2145	9713
1006	7769
443	7663
1030	7870
1416	7576
56	7518
3202	9769
1230	7670
224	7545
1375	7516
2885	8313
421	9428
1696	9336
1897	8180
124	7807
2455	7662
980	9334
827	7512
1355	10991
3500	8399
1512	9078
436	8009
2726	8483
2107	8666
1927	10984
3588	10065
590	7525
980	10094
4316	8599
590	7523
980	10292
917	8334
1696	9334
2414	10064
1787	9164
427	7701
1006	7770
2736	9712
75	7639
1289	8665
183	9004
980	10477
3547	9714
1876	10308
1980	7507
1150	8368
570	9336
3766	8506
1932	8506
2685	10412
971	7701
941	9510
2416	10598
1603	7668
1289	8666
2332	7509
2951	8945
242	8506
1587	8237
980	9713
1481	7865
2059	7574
1696	9336
1645	7545
2013	7807
1371	8313
3017	8483
303	7718
1778	7735
1960	7951
1472	9463
1194	10061
958	7568
2914	7517
494	8491
383	9988
1750	9517
1446	8855
180	8701
339	7513
252	7529
1557	10152
1864	9400
2248	10477
1840	8523
3888	9501
3238	9078
3921	7511
4266	7825
7	8308
737	7682
2685	10412
799	7513
897	7890
823	10956
2080	7718
1248	8029
1692	7836
539	7718
3764	8666
980	9334
1696	10095
3425	9336
1162	8702
3098	9740
2557	7936
4048	10307
4231	7602
1876	10307
3446	9938
2249	7578
1696	10095
1270	7485
2014	9712
3676	10955
1460	8314
1872	10761
1982	7488
873	10167
570	9714
193	8066
383	9988
2197	9519
3704	7511
4100	10291
307	7512
904	7638
1027	7488
2362	8469
93	10075
1480	7487
1696	9336
712	7627
2003	7523
3425	10095
1346	8254
9	8853
1932	9936
3065	9769
3512	9936
3952	8431
3446	9938
2332	7512
699	7877
100	7799
3338	10173
1696	10292
552	9589
1460	8313
2592	10928
2827	7825
561	7770
2101	9336
474	7487
3425	10095
1961	7516
1287	9078
818	8559
472	8315
2416	10598
2362	7514
278	7889
1876	10309
864	7508
494	7718
2706	10095
980	10412
571	9616
1292	9641
31	9169
190	7540
3845	8168
981	7551
1706	8608
1139	7573
1946	8041
4121	9079
598	9937
2059	7685
1197	10990
2181	7721
3522	7488
958	8248
2003	9772
980	9334
2248	10412
3194	7489
494	8490
724	7712
1290	8698
2281	7514
3026	8418
4231	7600
3034	7545
113	7491
2567	9517
318	8166
2514	9704
3192	9589
224	7544
183	7488
1982	7487
1897	7545
2183	8168
403	8491
924	8631
1283	9616
338	7965
784	7568
2649	9641
3374	7770
1969	7877
1845	8093
3381	7641
980	10292
2668	10167
1250	7733
520	7574
3387	10592
810	10292
3835	7951
1977	8666
3154	10307
1289	8506
3588	10062
69	7585
191	8483
177	7579
317	8811
1858	7573
1198	8491
1821	9712
117	7489
1550	7506
778	11058
1656	8390
1845	8094
682	9250
2183	8166
48	8506
472	8313
3350	9642
177	7781
381	7583
980	10291
2498	8351
2362	8433
4307	8980
570	9336
1932	8852
4051	8491
3625	7517
1041	8433
1203	9826
2167	7544
3418	7489
245	8612
2363	9236
3939	9938
1696	9336
531	7511
745	8043
93	10077
4372	8251
1133	7573
1763	9988
3338	8029
342	9012
1335	7708
3333	7524
3425	9336
3425	9336
980	10095
1082	8178
3337	7663
1448	9159
1291	7511
3117	9065
3547	9712
1162	9183
193	8066
3845	9077
1504	7529
181	8506
2553	8483
2557	8260
3387	9519
2397	7651
1375	7514
2955	8810
4217	10593
494	7718
93	7602
3915	7517
1226	8263
1696	10095
1580	10065
1849	7509
573	7890
1598	8583
384	7513
958	7632
2973	8782
352	10292
3027	9517
1763	10534
3961	7718
841	10136
3117	9067
980	9335
1915	10028
1163	7487
980	10095
3467	8178
1932	8665
3622	9642
3674	8390
2348	8710
873	11061
242	8507
2940	8178
3675	9976
1007	7686
3412	8356
421	8483
954	7508
309	7836
3386	8506
462	7517
1755	8810
2938	7663
2124	7693
3026	8680
1403	8406
2417	8775
1595	8507
539	8491
3338	7654
160	8491
1932	9937
2158	7875
3215	7517
75	7781
3142	7523
1946	8321
2145	9712
3799	9509
383	9989
3961	7718
3815	9771
471	7507
632	8411
309	7834
403	8491
181	8506
1194	9403
1371	10710
3911	8168
1066	7770
1696	10292
684	8506
983	7627
3061	8491
52	8509
3250	8041
572	7865
475	7512
2248	9712
1055	7807
778	11059
2029	7544
2805	9164
3162	9162
2738	7542
646	9772
1033	7520
1646	7545
2063	8240
3768	8506
2685	9712
451	8507
3547	10094
4242	9986
2053	10444
383	10534
3267	8784
2708	7718
552	9589
3880	10400
3961	7718
487	9988
2650	8313
1139	7573
1375	7513
1961	7514
1790	7889
93	7600
3119	8417
180	9265
2544	7513
3098	9738
478	9078
613	8094
3139	8167
4173	8969
445	9589
2183	8168
3873	9164
3387	9517
1291	7512
793	7781
1000	9491
3080	9617
1536	8737
2354	7545
352	10095
3830	7670
2901	8390
737	8889
3845	9079
3764	8509
1226	7804
610	7509
421	8599
427	7663
713	7540
3211	9236
3329	7875
808	7492
352	9334
3525	10095
980	9336
2933	8321
1980	7505
3810	7631
2506	7517
2546	7488
3026	8416
725	7513
941	7600
1550	7508
527	8586
880	7889
3338	9935
355	8074
919	7663
1845	10077
1519	7643
3768	8852
159	7788
4146	9988
1667	9826
478	9079
1787	9162
3911	9078
1872	10118
1763	9988
437	9517
721	8972
1595	8666
48	7514
762	7751
529	9826
2280	9508
1634	7485
1872	10116
941	9510
2726	9428
1864	10061
2107	8666
1438	8702
1518	9176
339	7516
3579	10625
795	7520
1696	9336
646	9517
1441	10122
823	9519
2053	9712
2564	8509
1595	8506
549	7520
1407	7563
988	9547
52	8506
2726	8483
1164	7661
2708	8491
1872	10118
2676	8945
3617	7980
3752	7807
1641	10118
1598	8584
3017	8483
3674	8682
1427	9616
69	7643
561	8315
2916	7527
1932	9936
3172	8486
598	8093
4121	9077
75	7781
1215	7663
2736	10444
858	7685
195	7488
3736	9400
3911	9077
966	9540
287	7487
4032	9826
755	7981
403	8556
980	10412
36	7733
1932	8506
2333	7751
2685	10444
1619	9617
799	7514
2458	8433
2685	10412
3425	10292
4134	7727
1550	7686
2099	8484
187	7685
1033	7520
1617	7653
941	9510
146	8027
570	9336
3765	9062
1139	7573
2736	10477
3329	7874
1290	9175
293	7569
2480	7489
416	7492
3873	9162
570	9712
2040	7934
1615	7865
52	10119
981	7727
2280	9509
552	9704
1281	7517
137	7668
4136	9988
448	7517
3547	10095
491	9905
645	8535
3065	9769
2240	7799
3154	10309
3884	7517
3547	10292
954	7686
280	11081
629	7487
3017	8484
4146	9987
1021	8034
2416	10598
1932	8666
2435	8219
552	9588
3733	8600
632	8066
590	7524
1706	8610
2986	9589
4141	7511
823	10165
3425	9712
494	8491
1289	8506
4203	7674
352	9334
436	9078
3338	10173
664	9265
1514	10483
2099	8483
1845	10075
3888	9499
4136	9986
3587	7518
2632	10987
3880	10401
3136	7721
3961	8810
668	7672
3752	8101
795	7517
880	7517
1461	9987
121	7689
3617	8345
1545	7843
3676	10956
1244	7654
345	7488
2685	9510
2699	8219
2240	7797
180	8702
1270	7488
1620	8491
2834	8297
4316	9428
941	9510
3749	7488
479	7889
2002	8682
3525	9336
2726	8484
2376	8431
632	8413
352	9333
3337	8433
3621	10094
1879	7488
1309	7696
2539	7672
4051	7718
1606	8070
2014	9712
1518	8698
1696	9336
92	8548
1696	10292
1763	9988
2649	9642
2789	8702
1872	10115
4215	7873
451	7539
352	10291
4346	7512
884	7663
312	7889
1099	10309
2986	9589
907	7600
1514	10444
1654	9769
842	9312
881	7517
1457	10507
224	7545
3579	10623
437	9517
158	7485
2249	7576
3768	8506
3350	10703
827	7511
1763	9986
2805	9162
3845	8167
954	7505
3425	9334
3090	7773
3491	8357
613	8702
646	9770
2003	9771
2738	7545
1291	7509
980	9333
1033	7520
287	7486
3425	9336
1046	7487
1758	8072
425	7733
1542	8308
100	7797
383	9986
349	8042
276	10550
1340	9078
2736	10444
1897	7545
2789	9265
3308	9519
2986	9704
91	7701
570	10292
93	10077
741	9910
1045	7623
224	7545
3959	8491
807	8390
1854	8058
2080	7718
1897	7545
1066	8313
3725	9336
352	9334
3213	7574
474	7486
52	8665
3419	8506
4028	10248
2282	7485
3048	7507
1289	8852
4316	8484
711	7511
2650	8314
2014	9712
2348	7807
2053	10412
2099	8483
3425	9336
3845	8167
4346	7511
810	10095
2051	9233
1289	8506
4121	8166
1947	7642
4299	8433
307	7509
374	8313
3625	7518
1226	7805
895	7749
1281	7518
823	10248
1457	9463
1542	8310
75	7877
737	7573
2633	7781
1602	7980
2546	7512
2649	10703
59	7632
568	8318
2014	9714
2227	8506
2230	8283
2649	9642
2158	8777
941	9508
3350	9639
2248	9712
3845	8166
3425	9712
3425	10095
1872	10761
4134	7545
2165	7485
2404	7791
1355	9519
3717	7936
1468	7980
2348	7807
3446	10173
914	7653
4140	7695
1290	9176
284	10307
1006	7772
3582	7870
1321	7749
426	8431
3446	9938
382	9164
428	7511
2968	7708
1027	7485
2248	10477
1876	9642
971	7805
3911	9079
646	9517
3733	8599
3617	7982
2101	9336
2649	9642
3027	9519
1867	7663
939	7489
1226	7804
2649	9639
1876	10309
2202	8665
4272	9236
2955	7718
4280	9642
3350	9641
3983	9665
2571	7579
306	7492
1232	8313
224	7545
1464	7513
2698	9375
471	7508
1550	7492
616	10389
2227	8506
3704	7512
520	7563
1897	7545
2592	10927
2553	8483
4293	8506
2955	8491
1289	8665
2024	8506
1312	10549
699	7781
2349	8586
2728	9754
384	7514
4121	8166
2375	7513
2249	7576
4267	8101
451	7727
2101	9336
646	9098
1359	8945
2248	9712
1124	8583
4121	9077
1876	10703
2107	8506
3546	7735
1696	9333
1312	10550
980	9712
1287	9079
1978	7514
3962	9823
695	8661
1023	7733
1252	7517
242	8507
1457	10508
3338	10173
2362	8431
2938	7663
3296	7954
1037	10015
273	7718
3547	9336
3525	9336
1897	7545
4264	10885
2414	10062
3080	9619
3446	9936
1943	7574
3211	9233
1609	8556
1542	8307
1232	7770
1872	11133
3308	9517
1763	9988
2868	10073
711	7512
34	7663
1248	8027
2938	7701
1371	8315
2414	10065
48	8665
3425	9334
4100	10095
1598	8583
2145	9712
1671	7485
1696	9336
68	9065
4242	9989
426	7797
1518	10026
3674	8390
672	10065
96	7663
746	8962
1474	9988
2590	9588
1318	7967
1371	10708
2248	10444
246	7512
3065	9769
642	7980
180	8702
2281	7516
568	7701
941	9508
570	10412
231	7681
1537	7771
2546	7509
3425	10292
1696	10292
1474	9987
396	7873
1874	10166
3845	9078
3386	8507
1923	7889
907	7602
4121	8167
910	8506
587	8682
551	8390
36	7655
4201	7512
3546	7733
1299	8416
488	7980
4156	10598
4136	9986
1518	9175
1537	7772
1696	9336
3350	9641
367	8144
3283	8701
1978	7513
2466	10773
268	7517
3752	7805
1197	10989
403	7718
1755	8491
1763	9989
1633	8433
157	8431
2121	7653
2708	8491
1221	7663
709	10707
3065	10154
59	8057
2445	7865
970	7889
2416	10598
2668	10166
3368	9641
338	7727
443	7696
1159	7508
1162	8093
67	7932
75	7781
1007	7505
740	9428
3762	7668
3588	10062
2165	7487
1289	8665
210	9403
3599	10653
3512	9937
2080	7718
4316	8483
3621	10412
3749	7485
1030	7489
32	10926
1163	7488
1763	9988
2359	7511
1646	7545
2101	10095
3386	8506
338	7686
3621	9336
1315	8507
3044	7485
2650	8315
2324	7984
980	9336
2099	8483
1603	7669
1533	9137
4215	7875
3425	9336
613	8702
954	7505
980	9336
576	7727
646	9519
980	9714
4307	8736
1226	8830
1876	10309
1876	9641
1044	8945
2142	9712
3768	8852
421	8484
1646	7545
1258	7487
4141	7509
4242	9987
3425	9714
416	9491
1446	7651
1932	8506
4006	7605
3441	9519
737	7573
741	10062
3953	8483
3463	8294
2590	9589
4019	7512
3768	8506
280	10928
2186	9519
382	9162
709	7505
1992	7488
3990	9004
958	7569
1763	10534
3588	10063
242	8507
980	9336
1743	8970
1506	8074
2906	8507
980	9712
1000	9491
2736	10444
3250	8321
1461	9988
224	7545
101	7518
2807	7834
4200	10884
941	9510
3953	10074
636	8356
954	7507
864	7505
1467	7486
3283	8097
2145	9714
2274	7674
159	7786
129	7710
1049	8605
2775	8481
1210	9826
2053	9714
1514	10477
1226	7804
1696	9336
40	7631
264	7663
2158	7875
3830	7669
326	7578
2397	7653
874	10412
3425	10292
8	9758
3061	8490
2553	8484
955	8491
632	7681
3238	9077
4106	7877
709	7507
1462	7516
1679	7602
823	9985
3768	9004
954	7505
2682	7804
2014	10477
2917	7870
1026	7505
383	9986
1058	7542
1468	7980
303	8491
3921	7512
3845	9077
941	9509
1371	9418
2843	9463
2024	8506
1897	7545
880	7518
2099	8483
3527	7511
758	8357
1883	8433
1071	9233
672	7527
1550	7505
1696	10291
2282	7489
2914	7889
62	8393
2767	7573
1872	10118
1961	7513
2933	8041
1550	7507
4051	8490
1511	8548
3446	9935
3961	8491
1182	7529
1474	9986
4156	11099
2546	7511
980	9336
1340	8166
3803	8666
1897	7545
2940	7545
3061	7718
709	10307
954	7507
3961	7718
2698	8945
1154	7529
2553	8483
3446	9937
1696	10095
2416	11099
1362	7518
553	7687
4202	10991
1645	7545
1654	8099
1019	7892
3736	9403
410	7762
2202	8666
1876	9639
120	8226
1864	9400
2514	9589
381	7586
1598	8583
897	7663
349	7595
646	10593
3749	7487
1763	9986
3815	9770
2908	9353
2726	8483
3205	9463
1460	8315
2477	7933
1156	8612
1464	7516
2685	10412
1864	9400
873	11059
3338	9937
116	7749
4340	7507
4346	7509
2685	10444
552	9589
3752	7807
2348	7805
4121	9078
1033	7576
2363	9233
3338	9935
3585	10703
1692	7836
1977	10118
3192	9985
2567	7980
3386	8666
290	8144
2202	8852
3296	7727
3446	9935
3350	9641
2907	7889
2706	9333
941	9509
2080	8490
2960	7951
2901	8682
2107	8665
3768	8852
193	8066
2416	10599
1977	10116
4272	9510
1082	7545
1932	8665
93	10077
567	8041
3425	10291
48	7513
404	7582
4134	8178
3446	9935
160	7718
2376	8433
3762	7669
3888	10773
1720	8605
1318	7965
1027	7487
29	7655
176	7799
2145	9714
1876	9642
1250	8001
2780	7696
835	7505
160	8490
733	7836
1932	9938
3621	9712
494	8491
2514	8783
880	7520
3547	10095
494	8491
2227	8507
1876	10307
3118	7550
3157	7572
3386	8665
1355	9517
795	7889
4121	8167
1530	8099
2111	7576
278	7517
494	8297
1831	7789
552	8665
2107	8852
1037	10013
2539	7674
3213	7685
1469	7572
3457	7509
2362	7513
2333	7752
4136	9989
423	8005
741	7765
2567	8345
1872	10118
1876	9642
1085	8583
3425	9336
610	7511
3425	9712
1415	7573
2376	8469
1083	10077
426	7799
122	7517
4166	7539
2557	8696
980	9334
1194	9400
2649	9641
341	7545
3683	8099
1456	7513
2099	10073
1370	8945
3405	7545
3525	9335
391	8094
570	9712
2063	8237
246	7511
3425	9335
1798	10150
2649	8666
3605	11117
255	8710
4121	8166
1763	9989
195	7718
2101	10094
953	7774
1696	10292
2248	10477
886	7489
1257	7661
1985	8009
1254	9464
1550	7507
2672	9336
1289	8509
2053	10412
3065	7511
841	10139
642	8345
1767	7807
1550	7505
101	7517
367	7825
3296	7545
3425	10095
1932	9936
1095	7523
2999	8506
1696	10095
1582	8972
1533	8556
2024	9065
1778	7733
1194	9400
610	7512
3915	7518
1292	9641
3491	8357
3835	7933
2024	9067
1798	10077
1438	8094
2766	7645
3952	8727
3338	9938
3799	9510
1041	8345
3676	11075
3768	8852
1255	7574
3911	9077
2099	9428
396	7874
2590	9590
478	8166
724	7713
2999	8507
1641	10116
1015	7825
1413	7487
1881	8390
4316	8483
338	7507
980	9336
1445	7685
224	7545
3674	8682
195	7487
1373	9400
1226	8324
2051	9236
3350	10707
2107	8506
598	9938
4131	7492
3547	10095
664	8093
3327	8390
3350	9642
3367	7513
2365	10703
2107	8507
48	7516
2053	10483
137	7669
478	9077
1798	10075
4264	10884
2632	10984
2685	9509
1620	8490
2014	9714
1763	9989
2370	8586
931	7545
1558	8852
1836	9499
3425	9334
835	7507
2107	8506
906	7981
48	8853
3845	8166
1012	7708
1289	8853
646	9769
180	8703
436	8010
1932	10173
2107	8665
4121	8166
1696	9336
3247	8385
1977	9463
2341	8364
1196	7865
1566	7781
2260	7755
3338	8027
3768	8853
3869	8390
3961	8491
1603	7670
3525	9336
3680	7727
4316	8483
571	9617
3688	8945
2158	7875
2362	7516
646	9517
9	8665
555	7651
2014	9712
3117	8507
195	7485
668	7674
1585	8483
2332	7511
352	9336
980	9336
1226	8101
2281	7513
980	9336
3113	7517
613	8701
629	7521
1221	7661
1646	7545
510	7487
1621	8034
2024	8665
318	9077
1226	8263
1985	8010
1628	7568
2567	8345
1066	8315
2649	10703
342	7550
352	9336
2136	8094
2685	9712
475	7509
3358	8586
487	10534
4316	8483
2282	7488
3869	8390
1468	7980
1927	10987
941	9508
2676	8948
195	7718
4100	9336
1180	9610
646	9517
2145	10412
3911	8166
224	7545
396	7875
517	7836
3192	9983
887	7605
1442	10605
293	7819
3425	9336
4054	8260
2416	11099
499	8509
181	8167
3789	8680
2221	7902
1932	9935
1980	7487
2362	8431
2470	8669
352	9336
570	10412
1464	7514
3192	8784
3674	8390
1230	7669
3830	7668
3386	8666
3587	7889
460	8298
2736	10412
3909	8009
793	7551
980	9334
187	7492
1456	7514
2165	7488
3376	9877
3482	8026
4048	10309
437	10593
4242	9986
709	7507
722	8099
531	8009
2698	9374
75	7781
3331	9065
3768	8852
174	8112
934	7836
2649	9642
1230	7668
4141	7525
3482	8027
2721	7804
830	7681
1585	10073
2803	8385
900	7668
1514	10444
1696	9334
905	9098
1020	8315
4340	7508
303	7718
874	9712
3911	8166
4121	9079
2514	9589
3154	10308
2099	8483
725	7514
827	7509
2280	9510
2434	7646
709	7506
1872	10118
3283	8702
549	7517
181	8506
823	10955
1897	7545
352	10095
2248	9712
1255	7685
1086	7578
2227	8665
646	10593
751	8390
1373	9403
472	8314
273	8490
954	7506
1162	8094
1646	7545
1006	7771
38	7884
958	7727
1696	10291
276	10549
4235	8041
2223	10622
1763	9987
2736	10412
1370	8612
3425	10094
4051	8852
1876	9641
4100	10291
4242	9988
1099	10306
1874	10167
2160	7539
646	9769
1602	7980
4146	9986
1512	9077
2726	8483
1982	7485
835	7686
3658	7889
4100	9334
4121	8167
1120	7492
2230	9247
9	8666
1439	7837
1189	8680
2260	10703
517	7834
941	9509
181	8665
1849	7511
48	8507
1289	8506
1696	9334
3692	7568
1210	8039
3402	8483
571	9619
2053	9712
2080	8491
1778	7734
646	9769
1550	7507
3621	9336
3621	10444
3512	9935
278	7518
1606	7796
2767	7682
1876	10306
1449	7797
1982	7525
2260	9642
646	9519
42	7773
2099	8483
3921	7755
1621	8033
980	9712
1438	9265
2807	7836
510	7488
1362	7517
700	7487
1876	10707
2726	8483
176	7796
1978	7516
160	7718
4141	7523
3425	9713
423	8003
1289	8507
1671	7487
2024	8506
3547	9334
484	8706
2539	7672
3425	9334
570	10444
980	10412
4141	7512
3441	9517
3953	8483
3350	9641
100	7513
2376	8433
1872	10761
177	7574
3491	7661
3289	7545
1138	9217
1283	9619
1518	9289
1881	7653
3766	8665
4316	8483
980	10095
31	9167
3683	8097
929	7781
1620	7718
180	8094
2514	9589
2145	9714
895	7579
549	7520
437	9519
436	9077
3869	8682
2488	9401
3961	7718
1093	9935
373	7540
2539	7672
451	8509
3546	7734
1026	7507
4437	4489
4386	4391
4424	4694
4482	4634
6470	6616
4452	4515
4969	5179
6470	6540
5060	5356
4977	5020
6450	6540
5791	6591
6188	6748
4723	6023
4386	4391
4967	5044
5560	5665
4409	4457
4383	4621
4975	5318
4376	4390
4623	4962
4376	4390
4453	4683
4458	4621
6143	6347
7077	7086
4977	5256
4526	4787
5253	6277
6047	6129
6576	6989
5600	6466
4961	5451
4566	4780
6625	6629
4961	5487
5115	5560
6748	6971
4386	4391
6218	7026
4526	6073
4447	4617
4761	4864
5408	6182
4648	4859
6347	6629
5608	6616
4506	4888
5673	6752
6279	6469
5840	6176
4961	4977
4565	5932
5109	5774
4777	6094
5785	6670
4524	4647
6263	6905
5655	6023
6188	6639
4778	4977
5528	5932
5256	5451
4969	5418
4524	4647
4975	5083
5115	5560
4481	5641
6545	6815
6639	6748
5356	5418
5339	6131
5115	5560
4376	4390
4384	4425
4633	6156
6143	6629
5099	5372
4572	4732
6801	7036
6569	6596
6545	6599
4408	4937
4977	5256
4408	5147
4417	4457
4572	4689
6252	7044
6252	7044
6639	6748
4447	4617
4623	4871
6759	6858
4402	4428
4975	5083
5215	5318
6188	6639
4595	4622
5282	6131
4376	4390
4383	4621
5318	5499
4991	5179
4991	5179
6139	6208
6596	6815
5499	6297
4506	4888
5052	5654
6555	6591
6555	6591
4377	4640
6596	6815
4644	5012
5083	5318
4423	4977
4384	4425
4431	4942
5169	5400
5724	6593
4470	4650
5083	5499
5179	5356
4991	5356
4572	5321
6828	6836
4563	5842
4975	5318
6759	6858
4392	4455
6143	6625
5044	5724
5179	5356
5115	5560
4975	5318
4393	4494
4679	5560
4565	5528
4486	4908
5873	6610
4453	4683
4975	5083
6788	6815
4376	4390
4800	5012
4388	4600
7044	7052
6294	7036
5315	5375
4376	4390
4505	4705
6143	6629
5918	6386
4452	4515
5491	6646
5083	5318
5608	6450
4991	5060
4486	4908
4524	4647
5801	6762
5542	6477
4526	4681
4887	4957
4431	4863
5809	6733
6469	6540
4383	4458
6279	6469
6450	6616
6701	6986
6569	6788
5491	6979
6650	6847
4611	4729
4680	5405
6759	6858
4962	4980
4761	4864
4548	4710
5361	5774
6569	6815
4386	4391
4988	5831
4486	4908
5873	6610
6635	7010
4458	4621
4723	6023
6701	6986
5083	5215
6762	7047
4386	4391
6596	6788
5215	5231
4849	5695
4384	4425
5231	5499
6470	6616
5220	5272
4723	5655
6639	6748
4452	4515
4967	5724
6755	6828
4384	4425
6596	6599
7000	7075
4384	4425
6569	6596
4415	4422
4524	4647
6252	7052
4440	4581
4383	4621
4465	4549
6294	6801
5179	5418
7017	7077
4377	4448
5110	5256
6002	6327
4388	4572
5891	6836
5344	5499
6143	6347
4967	5044
4376	4390
5608	6279
5661	5823
6674	7047
6279	6469
4463	4553
4481	4991
4760	5417
6807	6914
4376	4390
6896	7054
4572	4750
6227	6753
4565	6147
5574	6840
4424	4694
6993	7101
4456	4798
4975	5318
4402	4428
4975	5499
4447	4617
6545	6596
6143	6347
4490	5263
5891	6836
4452	4515
5801	7047
4680	5405
4985	6366
4470	4503
6348	6591
4376	4390
4447	4617
4457	4480
6674	7047
6279	6450
5608	6450
4431	4750
5673	6752
6569	6815
4975	5083
5765	6620
5491	6979
4977	5250
4938	4958
4508	5817
5282	5649
4384	4425
4545	5969
4383	4458
5451	5487
6143	6625
5044	5724
4384	4425
5791	6555
4384	4425
4526	4787
6039	6929
5848	5946
4383	4458
6279	6540
7034	7060
5416	5655
6279	6616
5416	6023
6674	6762
6545	6599
6761	6919
5848	5946
5231	5344
6347	6625
4680	5405
6639	6748
5488	5882
4415	4859
5416	5655
6450	6540
5261	6094
4732	5831
5083	5215
4545	5991
5243	6174
6762	7047
5560	5665
5215	5231
4452	4515
6545	6569
4377	4640
6348	6555
4969	4991
4384	4425
4524	4647
4715	4877
5256	5451
4413	5970
4465	4864
5416	5809
4871	4962
6469	6616
6450	6470
4526	4787
4408	4436
4975	5318
6639	6748
5801	6674
4384	4425
5891	6755
6403	6635
4397	5110
4376	4390
4456	4579
4595	4988
6625	6629
6748	6971
4554	6592
6625	6629
4600	4863
4761	4864
5161	5900
4458	4621
4679	5115
4975	5083
4376	4390
5215	5318
4633	6156
5809	6023
4383	4621
4447	4617
4849	5695
4386	4391
6972	6996
4967	6208
4656	5991
4376	4390
5179	5356
4548	4560
4572	4750
4572	4988
4424	4694
5491	6646
4409	4570
6416	6702
4383	4458
4436	4937
4644	4800
4975	5499
4384	4425
5911	6301
4384	4425
4572	4988
4482	4634
4376	4390
4723	5416
5416	5655
4450	5168
6545	6815
4383	4458
4689	4750
5172	5546
5115	5665
4392	4455
4597	5599
4393	4640
4623	4962
4383	4621
5375	5982
4483	4898
6261	6766
5172	5546
6143	6629
5608	6469
4392	4404
4384	4425
7044	7052
4439	4539
4386	4391
4376	4390
4457	4725
5081	6280
4991	5179
4969	5418
4442	4648
5110	5451
4445	4824
4723	6023
6828	6836
6938	6994
7060	7119
6922	7067
4832	4907
4481	5641
6639	6748
4687	6337
6469	6470
4384	4425
4436	4937
5891	6836
4849	5695
4991	5179
4526	4681
5848	5946
5673	6752
4969	5179
4991	5179
4392	4404
5655	6023
4481	4991
5673	6904
4432	4470
4572	5831
6681	7086
4600	4689
6143	6625
6470	6540
6670	6973
4581	5039
4563	5086
5801	7047
4595	5831
6348	6555
4376	4390
5560	5665
5083	5215
5179	5356
6450	6616
6450	6540
7034	7060
5060	5179
6545	6596
6039	6929
7044	7052
5408	6182
6755	6828
4774	5387
4453	4683
6347	6629
6701	6986
5560	5665
4967	5044
6788	6815
4863	4988
4396	4445
4393	4601
6470	6616
4648	4859
6450	6616
6555	6591
4447	4617
6252	7052
4767	5085
4386	4391
5891	6836
6469	6470
4969	5356
4461	4494
4424	4694
5542	6477
6625	6629
6635	7010
5115	5665
6470	6540
6540	6616
5724	6208
6002	6636
6545	6788
4447	5012
4975	5318
4901	5700
4985	6366
6450	6469
4967	5724
4447	4617
4483	4977
6294	7057
4595	4689
4380	4472
4384	4425
4376	4390
4505	4880
6569	6815
4460	4769
4384	4425
4470	4898
4452	4515
4397	4423
4540	4738
6922	7067
4923	5630
4376	4390
5791	6348
4969	5179
4416	5283
4465	4814
6246	6752
6347	6629
6279	6616
4453	4683
4383	4458
5119	5636
4778	4961
4650	5638
6348	6555
4392	4455
5608	6540
4424	4694
6188	6748
5608	6616
5134	5217
4572	4750
6450	6470
6279	6450
4396	4803
5083	5215
6674	7047
4750	5321
4506	4888
7044	7052
6333	6938
4426	4748
5608	6469
5891	6828
5608	6555
5099	5866
4572	4600
4634	5026
6327	6636
5339	5486
5673	6904
6540	6616
4988	5831
4376	4390
5179	5418
4377	4393
4572	4988
5083	5215
4386	4391
6828	6836
4455	4974
4376	4390
5995	6754
4679	5665
4977	5487
5408	6182
4566	4780
6188	6639
6922	7067
4376	4492
4916	5435
4991	5179
6294	7057
4563	6853
6252	7052
4376	4390
5408	6182
5231	5318
5969	6383
5809	6023
5900	5946
5673	6246
4723	6733
5657	5918
4975	5318
4376	4390
6639	6748
5215	5499
6674	6762
4386	4391
4386	4391
4988	5831
4565	5528
6002	6327
5215	5344
4402	4428
6469	6470
5115	5560
4523	5214
6279	6540
5115	5665
5044	5724
4883	6006
4481	5356
5169	5400
5891	6828
4680	5405
4634	4721
4863	5029
4506	4888
5215	5499
6450	6470
4376	4390
6218	7026
4450	4559
4779	5969
6569	6815
4969	5356
4388	4431
5161	5946
4376	4390
4760	4964
4704	5718
5099	6098
5318	5499
4623	4962
4623	4871
5083	5344
4388	4431
5741	6337
4566	4610
6801	7036
4452	4515
5243	5548
6450	6470
4687	5741
6463	6759
4450	4549
5034	6406
5801	6674
4409	4570
4967	6261
5169	5400
4384	4425
4780	4898
5891	6836
5115	5665
5083	5231
5801	7047
6279	6540
5765	6620
4456	4581
4392	4404
5161	5900
5247	5259
6596	6788
4512	4610
4384	4425
5891	6755
5900	6100
5044	6261
6674	6762
6599	6788
4560	4777
6143	6347
4723	5416
5788	6952
5801	7047
4384	4425
4377	4457
4763	6989
4599	4842
4431	5321
6463	6759
4384	4425
4710	5080
6188	6639
4386	4391
5608	6450
6403	6635
4458	4621
4376	4390
4463	4553
4646	6079
4376	4390
4975	5231
6333	6938
4376	4390
4975	5215
6674	7047
5083	5215
6569	6815
6183	6456
4506	4888
4393	4601
6279	6540
6569	6788
5788	6952
5416	6023
4384	4425
5788	7013
4492	4642
5169	5400
4958	5661
4440	4653
5318	5344
5060	5179
4572	5831
6450	6469
4384	4425
5873	6610
5978	6404
6469	6616
5044	5724
5608	6470
6041	6913
4376	4390
6674	6762
4938	5661
4786	5313
4397	4704
4458	4621
4376	4390
4386	4391
4680	5405
4409	4456
5655	5809
4969	4991
4424	4694
4447	4617
7027	7099
6545	6788
4376	4390
5655	6023
4458	4621
5673	6246
4386	4391
6327	6504
4457	4570
5608	6540
5161	5946
4440	4673
5318	5344
4393	4796
6188	6639
5161	5900
6840	6873
4975	5083
4560	4777
4376	4492
4572	4689
6569	6815
6279	6470
4408	4436
4397	4528
5363	5623
5044	6766
4376	4390
6545	6569
6463	6858
4416	5283
4570	4957
5083	5318
4397	5487
4376	4390
4600	4863
4392	4404
5724	6261
5161	5946
4431	4988
6188	6971
6333	6938
5250	5487
6801	7057
6650	6847
4650	5638
4453	4683
6952	7013
4447	4617
5801	6762
5302	6643
5215	5231
4724	5612
5788	6914
4386	4391
5560	5665
4384	4425
6272	6562
4750	5321
5502	5890
4498	4859
4871	4980
5873	6610
6599	6815
4975	5231
5013	5177
4403	6021
4483	4898
4969	4991
6545	6599
4420	4530
4818	5970
4376	4492
6463	6858
4384	4425
4512	4539
5109	5774
6403	6635
5900	6100
4892	5240
6279	6469
4376	4390
5673	6246
5250	5256
5873	6610
6450	6616
6303	6840
5161	5900
5560	5665
6114	6637
6450	6540
4388	4431
4524	4647
5491	6646
4397	4596
5006	5483
4975	5215
4818	5970
4704	4778
4376	4390
5608	6469
4723	5416
4481	4991
4376	4390
4723	5416
6596	6788
5499	6297
4377	4427
5891	6755
6759	6858
6261	6766
6569	6815
6545	6569
5546	6502
6333	6994
5081	6280
6674	7047
6041	6913
4579	6219
6690	6765
4623	4962
6596	6599
4384	4425
4723	5809
4623	4871
6469	6540
4526	5193
4481	4991
6569	6599
4439	4607
5315	5375
4388	4988
6555	6591
4726	5549
6348	6555
4645	4964
7006	7067
4787	5193
4679	5115
4863	4988
5083	5231
6047	6129
4423	4977
4456	4798
4623	4962
4650	5638
4863	5740
5801	7047
4565	5528
4912	5261
6723	6891
5060	5356
4987	5181
4641	5388
6993	7025
6183	6456
4384	4425
4416	5112
4383	4458
4376	4390
4723	5809
4781	5602
4975	6297
6470	6540
4453	4683
6674	7047
4679	5665
6470	6540
4549	4880
4975	5318
6540	6616
4566	4780
4849	5791
4376	4390
6569	6596
4524	4647
4842	5313
4524	4647
5416	5655
4871	4962
4680	5405
5791	6348
4721	5026
6828	6836
4871	4980
5608	6469
4572	4988
6272	6562
4565	5932
5823	6757
5375	5982
6002	6636
6450	6470
6569	6599
6183	6456
6218	6477
6470	6616
4786	5313
5765	6620
6545	6815
4448	4489
4376	4390
4494	4760
4493	5437
4524	4647
4493	6233
4383	4458
6279	6616
6938	6994
6279	6450
4392	4404
4409	4570
4447	4617
4552	4777
6596	6815
6952	7013
5159	6254
5416	6023
6246	6752
6188	6639
5115	5560
5060	5356
4975	5215
4376	4390
6002	6327
6569	6596
4679	5560
4687	4710
5673	6246
4975	5083
4679	5115
4431	4689
4383	4458
5215	5318
7044	7052
4383	4458
4423	4727
6545	6569
5724	6261
7036	7057
4679	5560
5873	6610
7000	7075
5318	5499
4967	6261
6002	6327
4975	5231
4849	5695
6569	6596
6279	6470
6755	6836
4903	5243
6545	6815
4376	4390
5179	5356
5083	5231
4431	4750
6599	6788
6041	6913
6593	6766
5083	5499
6674	7047
5083	5318
4376	4390
6279	6616
4442	4472
4871	4962
6188	6639
4991	5179
4456	4581
4679	5665
6530	6962
5765	6620
5608	6540
5231	5318
4886	6073
6279	6470
4388	4986
6348	6555
5954	6545
4506	4888
4505	4705
4563	5782
4413	4494
4388	4431
6504	6636
4452	4515
4397	5451
4386	4391
6972	6996
5724	6261
6469	6470
4727	4961
4681	5191
4450	4559
5608	6540
4384	4425
6950	7041
4912	6514
5416	6023
4633	6156
5044	5724
5318	5344
6947	7070
6252	7052
4392	4404
6279	6469
5044	5724
4392	4404
6469	6616
4863	5740
6469	6540
6252	7044
5491	6646
4465	4563
4506	4888
6569	6596
4512	4539
5231	5318
5344	6600
6596	6788
5954	6788
6463	6759
4458	4621
4892	5240
6279	6469
5083	5231
5231	5318
6545	6599
4465	4565
5791	6348
7017	7086
4452	4515
5083	5318
4384	4425
5486	5649
4975	5083
4774	5387
6545	6599
4560	5155
4489	4570
6279	6470
4423	4778
4526	5191
5695	6336
5724	6766
4481	4991
4486	4908
4603	5375
5765	6957
6752	6904
4408	4436
4572	4988
5179	5356
6188	6748
6674	7047
5217	6304
5115	5560
4386	4391
4393	4760
6324	7065
6246	6904
6596	6788
4987	5403
5788	6952
5416	6023
4384	4425
4535	4706
4832	4907
4456	4798
6569	6599
4386	4391
4575	5531
6938	6994
4481	5179
4644	5012
4545	4944
4969	4991
5318	5499
6450	6540
6450	6540
6470	6540
5115	5560
5978	6404
4599	5313
6463	6858
4424	4694
6463	6759
6143	6629
4413	4719
6279	6616
4376	4390
6545	6569
6938	6994
4849	6336
6801	7057
4376	4390
6333	6938
6569	6788
4773	4877
6639	6748
5801	6762
4384	4425
6450	6470
4384	4425
4439	4708
4376	4390
4958	5661
6263	7055
4376	4492
6469	6540
4470	6211
4392	4455
6470	6540
4784	5438
5215	5231
6143	6625
6504	6636
6143	6625
5661	6366
6347	6629
4384	4425
4566	4780
4524	4647
6347	6629
6450	6616
5946	6100
4849	6336
6922	7067
4934	5060
4849	5695
6279	6469
4376	4492
6279	6540
4386	4391
5416	5655
5143	6756
4849	6336
6681	7017
4386	4391
4942	4988
6463	6858
4383	4458
4991	5356
6450	6616
6596	6599
5873	6610
5891	6903
5492	6466
4396	4445
4723	6023
4402	4512
5052	5654
4440	4579
4853	5485
5416	5655
6143	6629
4489	4570
6950	7097
4481	5641
4376	4390
4779	5147
6002	6327
5608	6469
6596	6815
4427	4529
4991	5179
4477	5197
5496	6286
4386	4391
4923	5866
4424	4694
4977	5110
4377	4725
5801	6674
5809	6023
5946	6100
5848	5946
4397	5451
4376	4390
4376	4390
4778	4977
6023	6733
4969	5060
5062	5628
5873	6610
4611	4729
4408	4436
5891	6828
4506	4888
4935	6121
4679	5560
4581	5166
6450	6469
6333	6938
4486	5095
4409	4570
6674	7047
6450	6616
4603	5375
5215	5499
6463	6759
4975	5083
7044	7052
4416	4653
4967	5044
4415	4859
5180	6238
4440	4581
4991	5060
6596	6788
4377	4427
4383	4621
6993	7008
5076	5361
4679	5665
5548	6067
4723	6023
5231	5318
4849	6336
5891	6836
4566	4780
4416	4596
6450	6540
4882	5240
4958	5661
5315	5982
6469	6470
5231	5499
4969	4991
4388	4572
4958	5823
6403	6635
4397	5700
4377	4393
5053	5146
5542	6477
6143	6347
6279	6540
4384	4425
5180	5559
6905	7055
4781	5602
4409	4456
6639	6971
4800	5012
5349	6329
4476	4595
4392	4404
5608	6470
5608	6279
6279	6450
4727	5020
4705	4761
5488	5882
4384	4425
5408	6182
5954	6788
5502	5890
4661	4773
5416	5809
4393	5417
4975	5083
5044	6261
5313	5664
5801	6674
4447	4617
4386	4391
5356	5418
6762	7047
4991	5179
4424	4694
4431	4750
5193	6073
6279	6470
6252	7052
4384	4425
5150	5531
5034	5349
4386	4391
4436	4937
5161	5900
6450	6616
5801	6674
6639	6748
5179	5356
6316	6353
5408	6182
5608	6555
6227	6753
4376	4390
6450	6616
4727	5020
5231	5318
5891	6755
5109	5361
5119	5636
6993	7101
4975	5215
4727	5020
6179	6990
4458	4621
4883	6419
5724	6261
4383	4458
4545	5190
4975	5083
4572	4600
5179	5418
4465	4505
4463	4553
5630	5866
4916	5435
5159	6254
5083	5215
4969	4991
4447	4800
4991	5179
6143	6625
5932	6608
4988	5831
4512	4780
4392	4877
4853	5485
5954	6545
5791	6348
6188	6748
4481	4969
6002	6636
4383	4458
4919	4945
4545	5190
5060	5418
5083	5231
6752	6904
6761	6919
6023	6733
4849	5695
6470	6616
4975	5499
4470	4650
4991	5179
5318	6297
4853	5485
4560	4674
4384	4425
6596	6788
4787	5191
6993	7008
4397	4596
5491	6646
5491	6646
4397	4528
6002	6504
4572	4750
4704	4961
4774	6051
4975	5231
6545	6596
4975	5215
6279	6469
6188	6639
6599	6815
6639	6748
5848	5946
4991	5356
5900	6100
6535	6968
4969	5356
6639	6748
4849	6336
4409	4579
4386	4391
4386	4391
4732	5831
4424	4694
4923	5630
5560	5665
4386	4391
5978	6404
5416	5655
5115	5665
4723	5416
5302	6643
5900	5946
4723	6733
5491	6646
5801	6674
4384	4425
4512	4898
5785	6670
5873	6610
5375	5427
4704	5718
6540	6616
4452	4515
4906	5361
5247	5259
5416	5809
5318	5499
4886	5193
4384	4425
5044	5724
4465	4505
4396	4445
5542	6477
4565	6147
4417	4448
5608	6540
6279	6470
6540	6616
4853	5485
4458	4621
4433	4613
4388	4866
4376	4390
4923	5866
4386	4391
4424	4694
4383	4458
5277	6329
4572	4988
6625	6629
4664	6176
4549	4814
6263	7055
4440	4765
5231	5344
4540	4887
6188	6639
6403	6635
5416	5655
5491	6646
5655	6023
6294	6801
6188	6639
5801	6674
5309	5438
5083	5215
4386	4391
5742	5839
6635	7010
5791	6555
4376	4390
6294	6801
5791	6591
5724	6261
6246	6904
5083	5318
5115	5665
5496	6286
4386	4391
6701	6986
4572	4689
5608	6279
6674	6762
6303	6873
6674	6762
6788	6815
5499	6297
4975	5083
4572	4750
4529	6321
5819	5893
5318	6297
5724	6261
5166	5168
4991	5060
6294	7057
5649	6131
4623	4871
4526	4787
6294	6801
5034	5349
5044	5724
5109	5774
5873	6610
4440	4653
4849	5695
4393	4601
6347	6625
4967	6593
4679	5560
5655	5809
4512	4566
4465	4705
6569	6596
4540	4738
4376	4390
5673	6752
5655	6023
5814	6452
4376	4492
6070	6403
4623	4962
5060	5471
6545	6596
4918	5214
5318	5499
4497	5742
6569	6599
5873	6610
4386	4391
5661	6287
6545	6596
6469	6470
4977	5250
4458	4621
4967	5724
4489	4738
4689	4750
4447	4617
6348	6591
4644	5012
6279	6470
5830	6669
4409	4440
6596	6815
4565	6147
5496	6286
4408	4937
4393	6804
4377	4437
5491	6646
6569	6596
4597	5644
4560	4674
6297	6681
4501	5250
5791	6348
5946	6100
4572	4988
4452	4515
6188	6639
4689	4863
6450	6616
6117	6216
4996	5309
6327	6636
4524	4647
6463	6759
4388	4600
6469	6470
4458	4621
7006	7067
4390	4492
5044	5724
6188	6639
4646	6079
6681	7077
5083	5318
6576	6989
5900	6100
5044	6593
4715	4753
4392	4404
5052	5654
5946	6100
4384	4425
6333	6994
5954	6596
5060	5179
4975	5231
4453	4683
5608	6450
5416	5655
6347	6625
5560	5665
6599	6788
4967	6766
6263	7055
5788	7013
6188	6639
4988	5831
6947	7070
6535	6968
4481	5199
5356	5418
4453	4683
4681	4787
4572	4689
4572	4988
6188	6639
4769	5042
4871	4980
4549	4792
6938	6994
4447	4800
4376	4390
5791	6591
6576	6989
4524	4647
5115	5665
4376	4390
4969	4991
4819	5060
6208	6261
6348	6555
4376	4390
4595	5831
5109	5774
5608	6470
4967	5724
4958	5661
4919	4945
5608	6616
5661	6287
6279	6469
4376	4390
4464	6054
4683	6804
4969	4991
4662	6015
6569	6788
5496	6286
5608	6616
5008	6341
6469	6470
6188	6748
6828	6836
5560	5665
6294	6801
4565	5528
4483	4501
6450	6540
4384	4425
4549	4864
4572	5831
6463	6858
5900	6100
4424	4694
6599	6815
6504	6636
5591	6103
4600	4863
6620	6957
4778	5451
6701	6986
6674	7047
4376	4390
4413	4494
4975	5499
6828	6836
4384	4425
6639	6748
5491	6646
4723	5416
4383	4458
6450	6540
4600	5817
5168	6006
5115	5665
6002	6636
6002	6327
4397	4704
4384	4425
5608	6616
4572	4689
4376	4492
6279	6469
4376	4390
4664	5092
4486	5095
4832	6859
4524	4647
6639	6748
4652	6237
6650	6847
5655	6023
6596	6815
4727	4778
5560	5665
5801	6674
5946	6100
4563	4565
6469	6470
6263	6905
7044	7052
4431	4942
4778	5487
5060	5179
5109	5460
4656	6277
4991	5356
4778	5487
4849	5695
6279	6470
6450	6540
4489	4570
4376	4492
5318	6297
4975	5231
6416	6702
4376	4390
4383	4458
5215	5231
5044	5724
4384	4425
4849	6336
6545	6815
4787	5220
6599	6815
4967	6261
6469	6540
5416	5809
4384	4425
6450	6616
5542	6477
5083	5231
4723	5655
4440	4673
4958	5576
4384	4425
4849	6949
4388	4572
4526	4787
4494	4725
4572	4988
6416	6702
6620	6957
4832	6859
4610	4780
4409	4581
4512	4780
4623	4871
4384	4425
6755	6836
4436	4937
4851	5575
6545	6788
4975	5231
4813	5172
6755	6836
5160	5260
5791	6591
5891	6828
6545	6788
5809	6023
6545	6596
6279	6470
6801	7036
4727	4977
4376	4390
4643	5011
5801	6674
4599	4842
4871	4962
4526	5220
6347	6625
4447	4617
4463	4553
5496	6286
6463	6759
4506	4888
4563	5782
4555	4725
6366	6757
6143	6347
5491	6646
4384	4425
4476	4595
4376	4390
6788	6815
5891	6836
4526	4787
5655	5809
5801	6674
5044	6593
4623	4980
6279	6470
6755	6828
5801	6674
4450	4880
4393	6804
4526	4886
5891	6755
6759	6858
5083	5231
5542	6477
4969	5356
5891	6755
6836	6903
5914	6445
4415	4422
4377	4489
4849	5695
4704	5487
4386	4391
5649	6730
4383	4458
4377	4448
6530	6962
4975	5083
4384	4425
4407	4437
4727	4977
6922	7067
4967	5044
4975	5231
4969	5418
5083	5231
4975	5083
6650	6847
4566	4780
6329	6669
5993	6562
4386	4391
5655	5809
4386	4391
4413	4461
5193	5722
4483	4501
6469	6470
5429	6842
5282	5339
6545	6596
5034	6406
5416	5809
6828	6836
5083	5231
4486	4908
5608	6616
6650	6847
6545	6788
5416	5655
4386	4391
6916	7076
5081	6280
4486	4918
4431	4622
4975	5083
6620	6957
6625	6629
4938	4958
4505	4549
4607	5250
6218	6477
4991	5179
6469	6616
6279	6470
4977	5487
6896	7054
6252	7044
5873	6610
6347	6625
4409	4480
5542	6477
5013	5060
4832	6859
4849	5695
7036	7085
5801	6674
6639	6748
6261	6593
4384	4425
4450	4549
4644	5012
4465	4563
5695	6336
6252	7044
5231	5318
6450	6469
6450	6470
5034	5592
5954	6569
4376	4390
5608	6540
5408	6182
6188	6748
4524	4647
6840	6873
5109	5774
7044	7052
4450	4549
5297	6671
6188	6639
5848	6100
4611	4729
6761	6919
6596	6815
4384	4425
6327	6504
4871	4962
5560	5665
4386	4391
4465	5575
5791	6555
6596	6599
4715	4877
4506	4888
4384	4425
6450	6469
6469	6616
6188	6639
5528	5932
6333	6938
5416	6023
4975	5083
4572	4732
4424	4694
4723	5416
5499	6297
5099	5435
4906	5372
4448	4461
4384	4425
4486	4908
4923	5628
4623	4962
7017	7086
6188	6748
5496	6286
4506	4888
6540	6616
5891	6828
4706	5836
5115	5560
4386	4391
6952	7013
4600	4988
4526	4787
6950	7097
4481	4969
5179	5418
6188	6971
5823	6757
6366	6757
4447	4617
4991	5356
4450	4880
6759	6858
6327	6636
5095	5437
4560	4777
4572	4732
7017	7077
6333	6938
6828	6903
5020	5718
4464	6054
4383	4458
4679	5560
4597	5573
4610	4780
4458	4621
6208	6261
4452	4515
6252	7044
4376	4390
5083	5318
5673	6752
6723	6891
6143	6625
4481	4991
4967	5044
6569	6596
4376	4390
4377	4529
6922	7067
4376	4390
6188	6971
4384	4425
4704	5451
6279	6470
5083	5318
4458	4621
5608	6279
5083	5215
4376	4390
4849	6336
4686	6014
5608	6279
5724	6766
4452	4515
5471	6341
4565	5528
5608	6540
5115	5560
4383	4621
6279	6616
5250	5256
5801	6762
6545	6788
5315	5982
5193	6073
6463	6759
6828	6836
5649	6131
5954	6815
5231	5499
5044	5724
4423	4704
4376	4390
4384	4425
6188	6639
5954	6545
5785	6973
4447	4617
5083	5318
4426	4739
6674	6762
4456	4581
7044	7052
4967	6766
4818	5262
5848	6100
4384	4425
5231	5499
7006	7067
5801	6674
5491	6646
4383	4458
4376	4390
5344	6600
4408	4937
6639	6971
6252	7052
5083	5215
5608	6469
5309	5522
4664	5840
4975	5083
6545	6596
5785	6973
6569	6815
4853	5485
6188	6639
4704	5451
4431	4988
4545	5190
6896	7054
6555	6591
6261	6766
4912	5437
4383	4621
4383	4458
4376	4492
4680	5405
5954	6545
4453	4683
4540	4887
4476	5128
5672	6114
4964	5248
6403	6635
6545	6788
6788	6815
5193	6073
6279	6616
4433	4613
4761	4864
4565	6608
4452	4515
4413	4719
4447	4617
6545	6596
6450	6470
5995	6754
4991	5179
4967	5044
4991	5060
4715	4753
5416	6023
4610	4935
4458	4621
4386	4391
4424	4694
6183	6456
5344	6600
4458	4621
4526	5193
6788	6815
4563	5782
4383	4621
6188	6748
4397	4528
4623	4871
5060	5179
4384	4425
5809	6023
6348	6591
5695	6336
5765	6620
5083	5231
4727	5487
4572	4988
5724	6261
4384	4425
5168	5685
4958	5576
5542	6477
4393	4601
4383	4621
6470	6540
4377	4529
4572	4988
5017	5570
4456	4581
6801	7057
4386	4391
4853	5485
4383	4621
4969	4991
5008	6341
6143	6347
5179	5356
4393	4796
6188	6639
7017	7086
4384	4425
6279	6469
5655	6023
5318	5344
4727	4961
4423	4727
4991	5179
6759	6858
4458	4621
4481	5356
5282	5649
4393	5417
4967	6261
6143	6625
6450	6470
7077	7086
4388	4431
4460	4648
6976	7041
4778	4977
4680	5405
4575	5551
5673	6752
4502	4513
5083	5344
5891	6828
4769	5043
5673	6246
5946	6100
4416	5112
5349	5592
4450	4814
4912	5137
6674	6762
4376	4390
6188	6639
6002	6636
5629	6623
4967	5044
5765	6957
4849	6336
4597	4708
5053	5486
4386	4391
6545	6569
5673	6904
6993	7101
6625	6629
4725	4760
4383	4458
4384	4425
6596	6599
5900	5946
4681	4787
4526	4787
5655	6023
4461	4494
5542	6477
6347	6625
6755	6836
4944	5991
6801	7059
6183	6456
4871	4962
5083	5344
4706	5836
5231	5344
5250	5256
6625	6629
5891	6903
4942	4986
5608	6616
5791	6348
4991	5179
4742	5375
5099	5361
5083	5231
5215	5499
4661	4877
6681	7017
6801	7059
5791	6348
4727	5451
5083	5231
6263	7055
4650	5485
6450	6470
4386	4391
4415	4449
4727	5250
6347	6625
4991	5179
4958	5661
4452	4515
6952	7013
5672	6549
4611	4729
4376	4390
4448	4461
4524	4647
5954	6569
5891	6828
4631	6189
4464	6054
4458	4621
4991	5179
4545	5991
6143	6347
6569	6596
4991	5356
5161	5946
4572	4988
6450	6470
4991	5060
4975	5083
6463	6858
4402	4428
4457	4686
5083	5318
5801	6674
4572	4689
5416	5809
4680	5405
4461	4818
4388	4988
5060	5356
4520	5027
5083	5318
5231	5344
6218	7026
4453	4683
4489	4570
4457	5389
4384	4425
4386	4391
4497	5742
6188	6748
4632	6041
4503	6681
4871	4962
7036	7057
6828	6836
5277	6786
5608	6469
4384	4425
5954	6545
4456	4581
4958	5661
6263	6905
4524	4647
4600	4622
4483	6138
5112	5313
6469	6540
6752	6904
5891	6836
4397	4423
4680	5405
4386	4391
6261	6766
5486	5649
4977	5256
5608	6348
4679	5115
6569	6788
4774	6051
4384	4425
5608	5954
6324	7051
5215	5318
7027	7099
5119	5636
5809	6023
6748	6971
4481	4969
6279	6469
4508	5410
6450	6469
6596	6815
4393	4640
5166	5168
4633	6156
5765	6620
4458	4621
5608	6540
4975	5318
6545	6815
4384	4425
6316	6353
4871	4962
4787	5191
4383	4458
4431	4988
4706	5187
4423	5256
6450	6540
6143	6347
4392	4455
4975	5083
6279	6450
5309	5438
5471	6341
5408	6182
4486	4908
5673	6904
4384	4425
4431	4750
6836	6903
4883	5168
5599	6054
5408	6182
6905	7055
4679	5115
4442	4512
5134	6366
6347	6629
5791	6348
4962	4980
7000	7075
5215	5344
4489	4570
5809	6023
5724	6261
4565	5528
5848	6100
4723	5655
4477	5197
4975	5083
6294	6801
4535	4934
4376	4492
4906	5076
4967	6261
4458	4621
6469	6616
4819	4957
4704	4778
5109	5361
4376	4390
5673	6904
5501	6424
5542	6477
6759	6858
5231	5318
6143	6629
4437	4448
6279	6470
4679	5560
4906	5361
6828	6836
4386	4391
6828	6836
4975	5083
4386	4391
6599	6788
4452	4515
5416	5655
6923	7055
6896	7054
6947	7070
5791	6591
4969	4991
6569	6788
6188	6748
5277	6329
4423	5110
5231	5344
6807	6914
5608	6469
4458	4621
5083	5318
4623	4962
5215	5231
4723	5809
4595	5841
5215	5231
6002	6636
5115	5665
4633	6156
6347	6625
5231	5318
4723	6023
6470	6616
5243	5559
5765	6957
6623	6751
4560	4777
4610	4898
4498	5135
4800	5012
5215	5231
4906	5774
5356	5418
4452	4515
5608	6279
4977	5256
5044	6261
5873	6610
5486	5649
4565	5932
4386	4391
6674	7047
5231	5318
4447	4617
6788	6815
4975	5215
4376	4390
4453	4683
5724	6261
4384	4425
6279	6616
6279	6540
4787	5193
4386	4391
5608	6616
4431	4988
5115	5560
4390	4492
4450	5168
4423	5451
4376	4390
4646	6079
5083	5231
5809	6023
4787	6073
4633	6156
4408	4436
4871	4980
4849	5695
6828	6836
4402	4428
6279	6540
4679	5115
6545	6569
4384	4425
5277	6329
6639	6748
5044	5724
4376	4390
4906	5109
4623	4962
6947	7070
6555	6591
5282	6442
4969	4991
6470	6540
5911	6301
5801	7047
6545	6569
5655	6023
4397	4778
4565	5932
4545	5190
6183	6456
4426	4748
6690	6765
4534	4925
6279	6470
5664	5829
7017	7086
4975	6297
4723	5416
5099	5866
4579	6219
6347	6625
4376	4390
4938	5661
5086	5606
5608	6540
6569	6599
4386	4391
5848	5946
5361	5774
4452	4515
4452	4515
5083	5318
4988	5831
5918	6386
6569	6596
4633	6156
4402	4512
5608	6450
4377	4489
4386	4391
4376	4390
6103	6346
4644	4800
6463	6858
6674	7047
6188	6748
4383	4621
4680	5405
4633	6156
5649	6730
4566	4610
5408	6182
5344	5499
4688	5569
4994	5190
5891	6828
4452	4515
4392	4404
4644	4800
4681	4886
4455	4974
6261	6593
5548	6434
4452	4515
6569	6599
6450	6540
5429	6842
4849	5695
4383	4458
4481	5179
6545	6596
5655	5809
5655	5809
5900	5946
6463	6759
6261	6766
4386	4391
4384	4425
5791	6555
4442	4648
4383	4621
6294	7036
5115	5560
4572	4750
4975	5231
6938	6994
4961	4977
6450	6616
6788	6815
4489	4570
4413	4448
5083	5231
6762	7047
4906	5109
5673	6904
4849	6336
4991	5179
4383	4621
4679	5115
4423	4961
4506	4888
4570	4816
4483	5061
6450	6470
6650	6847
4650	4853
6701	6986
6639	6971
6569	6815
5053	5486
6279	6469
5231	5344
5891	6828
6450	6540
6188	6748
6463	6858
6333	6938
4396	4483
6504	6636
4623	4962
6188	6639
5416	6023
5044	6261
4376	4390
4458	4621
4572	4595
6450	6540
4723	5809
4377	4480
5546	6502
5215	5318
4545	4779
5099	6098
6755	6836
4545	5190
5791	6591
5083	5231
4384	4425
4975	5215
5083	5318
6450	6469
4408	4436
4650	5638
5044	6766
5873	6610
6545	6788
5179	5356
4486	4908
6002	6504
4383	4458
6279	6469
6569	6596
6143	6625
4388	4988
4647	6015
4456	4798
6463	6858
4524	4647
4392	4404
6755	6836
5801	6674
4600	4950
4967	5724
4498	5135
4646	6079
6596	6788
5560	5665
4545	5190
4376	4390
4388	4431
4376	4390
6759	6858
4967	5724
4524	4647
4386	4391
4481	5179
4392	4404
5954	6545
4632	6041
4975	5083
4376	4390
4975	5231
6450	6469
5116	6128
4453	6804
5608	6540
6596	6599
6545	6599
4384	4425
6674	6762
6261	6766
6828	6903
4386	4391
4958	5823
7036	7057
4409	4570
5168	6006
4704	5451
5533	5987
5873	6610
5574	6698
4447	4617
5083	5231
5724	6261
6450	6540
5492	6466
4680	5405
4512	4566
4969	4991
4679	5115
5900	6100
6545	6569
4415	4859
4572	5321
5801	6674
5416	5655
5109	5774
5673	6246
4481	5179
6625	6629
4396	4445
4453	4683
4975	5318
4486	4908
4383	4621
